action_max: 1.0
action_min: -1.0
bid_ask_spread: 0.0003
clip_obs: 5.0
commission_per_trade: 0.0002
episode_length: 250
initial_capital: 100000.0
leverage_limit: 2.0
lookback_window: 60
max_drawdown_limit: -0.25
max_position_size: 1.0
n_features: 40
position_change_limit: 0.5
reward_scaling: 100.0
roll_cost: 0.0004
scaler_type: robust
seed: 42
sharpe_window: 21
slippage: 0.0001
w_drawdown: 0.13789014091303167
w_return: 0.45420022284776357
w_sharpe: 0.347344402091592
w_transaction: 0.06056523414761281
