actor_hidden: 128
batch_size: 64
clip_range: 0.2
clip_range_vf: null
critic_hidden: 128
dropout: 0.1
ent_coef: 0.0008764764861015512
eps_alpha: 0.45435558831672274
eps_base: 0.23230408393616414
eps_max: 0.33869593386733576
eps_min: 0.04493539613485809
gae_lambda: 0.9589030964252582
gamma: 0.9662147292485339
latent_dim: 256
learning_rate: 1.1248613366724763e-05
max_grad_norm: 0.9972118925528495
n_epochs: 12
n_regime: 4
n_steps: 256
normalize_advantage: 1
vf_coef: 0.5
